0,273
0,270
3,2
3,1
3,3
10,199
10,167
10,111
10,175
10,275
10,271
10,79
10,2
10,3
9,5
8,15
8,16
8,2
8,3
450,4
450,3
450,2
450,1
450,0
449,3
449,2
449,1
449,0
448,4
448,3
448,2
448,1
448,0
447,3
447,2
447,1
447,0
2,2
20,3
20,2
2,1
20,1
19,3
19,2
19,1
2,3
18,3
18,1
16,3
16,2
16,1
14,3
14,1
13,3
13,1
12,3
12,2
12,1
11,30
11,29
11,28
11,27
11,26
11,25
11,24
11,23
11,22
11,21
11,20
11,19
11,18
11,17
11,16
11,15
11,14
11,13
11,12
11,11
11,10
11,9
11,8
11,7
11,6
11,5
11,4
11,3
11,2
11,1
10,317
10,312
10,307
10,305
10,303
10,298
10,291
10,290
10,285
10,283
10,280
10,279
10,278
10,277
10,276
10,273
10,268
10,264
10,253
10,251
10,248
10,224
10,214
10,184
10,94
